0.456529
2011_000953.png 0.545311 4 0.844728 0.000000 0.748768 0.587749
2007_007165.png 0.393738 2 0.787476 0.000000
2007_001587.png 0.490082 2 0.980164 0.000000
2008_006219.png 0.450410 2 0.900820 0.000000
2008_004396.png 0.824264 2 0.888097 0.760430
2008_003141.png 0.256723 4 0.498422 0.528470 0.000000 0.000000
2007_009084.png 0.217633 5 0.608905 0.000000 0.000000 0.479260 0.000000
2007_006449.png 0.408122 2 0.562071 0.254173
2011_002124.png 0.209488 4 0.837952 0.000000 0.000000 0.000000
2010_003468.png 0.589660 3 0.543222 0.446591 0.779168
2007_005547.png 0.306461 4 0.797593 0.428251 0.000000 0.000000
2010_005245.png 0.320293 3 0.960878 0.000000 0.000000
2009_003904.png 0.741356 2 0.827839 0.654874
2007_002119.png 0.433228 3 0.794650 0.505034 0.000000
2007_001884.png 0.230707 3 0.692120 0.000000 0.000000
2007_005857.png 0.351727 2 0.703454 0.000000
2008_002942.png 0.322494 2 0.034104 0.610884
2008_003709.png 0.683653 2 0.833687 0.533620
2010_001752.png 0.573917 2 0.688483 0.459351
2010_005705.png 0.441315 2 0.882629 0.000000
2007_001677.png 0.526957 3 0.927389 0.000000 0.653481
2010_004120.png 0.855817 2 0.922037 0.789598
2008_001821.png 0.664762 2 0.743164 0.586360
2011_001292.png 0.776250 2 0.794747 0.757754
2011_003030.png 0.871499 2 0.843775 0.899224
2009_003849.png 0.337138 4 0.568607 0.000000 0.000000 0.779946
2008_003034.png 0.326623 3 0.610412 0.000000 0.369456
2009_004994.png 0.494417 3 0.872486 0.040123 0.570640
2010_005180.png 0.280802 3 0.842407 0.000000 0.000000
2008_006341.png 0.178141 3 0.373259 0.000000 0.161165
2007_000529.png 0.235119 3 0.705357 0.000000 0.000000
2008_000107.png 0.421988 2 0.843976 0.000000
2011_002951.png 0.450714 2 0.901428 0.000000
2009_003928.png 0.468929 2 0.937858 0.000000
2009_000931.png 0.468512 2 0.937024 0.000000
2007_009911.png 0.689473 2 0.942184 0.436762
2008_002835.png 0.301873 3 0.905618 0.000000 0.000000
2009_000839.png 0.302706 2 0.113990 0.491421
2007_005844.png 0.217957 3 0.653870 0.000000 0.000000
2009_002562.png 0.873136 2 0.867417 0.878856
2007_006076.png 0.325731 3 0.743797 0.000000 0.233396
2009_001816.png 0.699215 2 0.762002 0.636427
2009_001108.png 0.701410 2 0.983642 0.419178
2010_005719.png 0.293056 2 0.558594 0.027518
2008_005544.png 0.361755 2 0.488104 0.235406
2007_002719.png 0.268938 3 0.733253 0.073560 0.000000
2010_000083.png 0.237183 4 0.948730 0.000000 0.000000 0.000000
2010_003183.png 0.475451 2 0.950903 0.000000
2007_007996.png 0.200879 5 0.635260 0.000000 0.369136 0.000000 0.000000
2009_002535.png 0.597572 2 0.677919 0.517225
2007_005058.png 0.492920 2 0.985840 0.000000
2010_003758.png 0.723080 2 0.624794 0.821367
2008_007507.png 0.492828 2 0.985657 0.000000
2011_000548.png 0.264815 3 0.794444 0.000000 0.000000
2011_000283.png 0.807083 2 0.818687 0.795478
2009_001941.png 0.280273 2 0.560547 0.000000
2010_004783.png 0.269579 3 0.805010 0.000000 0.003727
2008_001478.png 0.446939 2 0.893879 0.000000
2011_003146.png 0.670116 2 0.683250 0.656983
2007_004241.png 0.434532 2 0.869065 0.000000
2007_002903.png 0.749628 2 0.698054 0.801202
2011_001642.png 0.658577 2 0.758130 0.559023
2008_003451.png 0.460159 3 0.829847 0.006378 0.544252
2008_007219.png 0.247182 3 0.203885 0.000000 0.537662
2007_005107.png 0.262395 3 0.787184 0.000000 0.000000
2007_006364.png 0.562190 3 0.791045 0.498935 0.396590
2009_005189.png 0.651879 2 0.910334 0.393424
2011_000809.png 0.187456 4 0.749822 0.000000 0.000000 0.000000
2009_002097.png 0.277021 2 0.554043 0.000000
2008_000223.png 0.395521 2 0.791042 0.000000
2009_002239.png 0.204711 4 0.808949 0.009896 0.000000 0.000000
2009_001684.png 0.428772 2 0.857544 0.000000
2008_002492.png 0.461700 2 0.923401 0.000000
2011_001868.png 0.238418 2 0.476836 0.000000
2008_005676.png 0.481666 2 0.963332 0.000000
2011_003055.png 0.632500 2 0.629895 0.635105
2011_002327.png 0.435616 3 0.722163 0.584687 0.000000
2011_001276.png 0.207029 5 0.374943 0.000000 0.240872 0.000000 0.419331
2007_004392.png 0.372941 4 0.754100 0.000000 0.737663 0.000000
2010_005992.png 0.403826 2 0.807652 0.000000
2011_000807.png 0.491241 2 0.982483 0.000000
2008_000573.png 0.412528 3 0.577752 0.047075 0.612757
2010_003060.png 0.380076 2 0.760152 0.000000
2008_000233.png 0.673585 2 0.818644 0.528526
2010_000163.png 0.797935 2 0.835601 0.760269
2009_002549.png 0.281815 2 0.563630 0.000000
2008_005904.png 0.323301 2 0.634717 0.011885
2011_000969.png 0.447111 2 0.894222 0.000000
2011_002535.png 0.660408 2 0.904572 0.416244
2010_003915.png 0.474030 2 0.948059 0.000000
2008_003003.png 0.308512 3 0.925537 0.000000 0.000000
2011_002371.png 0.456256 2 0.912513 0.000000
2009_000446.png 0.713330 2 0.899714 0.526946
2007_003499.png 0.561219 2 0.531759 0.590679
2008_003492.png 0.288505 2 0.577010 0.000000
2009_000149.png 0.257803 3 0.661722 0.111685 0.000000
2009_003273.png 0.580970 2 0.757058 0.404882
2008_005691.png 0.438638 2 0.877275 0.000000
2007_004052.png 0.785292 2 0.951848 0.618736
2008_002521.png 0.424362 2 0.848723 0.000000