0.589462
2011_000953.png 0.559705 4 0.766977 0.000000 0.703394 0.768450
2007_007165.png 0.458233 2 0.916466 0.000000
2007_001587.png 0.490812 2 0.981624 0.000000
2008_006219.png 0.721515 2 0.934400 0.508631
2008_004396.png 0.856398 2 0.929368 0.783427
2008_003141.png 0.480425 4 0.911870 0.787586 0.222243 0.000000
2007_009084.png 0.290897 5 0.783530 0.000000 0.000000 0.651037 0.019920
2007_006449.png 0.566714 2 0.745393 0.388036
2011_002124.png 0.545019 4 0.890323 0.000000 0.534678 0.755075
2010_003468.png 0.712467 3 0.588653 0.723872 0.824877
2007_005547.png 0.404768 4 0.932645 0.575567 0.110858 0.000000
2010_005245.png 0.325319 3 0.975957 0.000000 0.000000
2009_003904.png 0.832014 2 0.906014 0.758014
2007_002119.png 0.500674 3 0.854848 0.647175 0.000000
2007_001884.png 0.306171 3 0.918513 0.000000 0.000000
2007_005857.png 0.448135 2 0.896271 0.000000
2008_002942.png 0.759835 2 0.696977 0.822694
2008_003709.png 0.858095 2 0.939367 0.776823
2010_001752.png 0.828823 2 0.815676 0.841971
2010_005705.png 0.597068 2 0.900923 0.293213
2007_001677.png 0.497344 3 0.937135 0.011765 0.543131
2010_004120.png 0.869181 2 0.940426 0.797936
2008_001821.png 0.950546 2 0.975430 0.925661
2011_001292.png 0.795007 2 0.814081 0.775934
2011_003030.png 0.420175 2 0.840350 0.000000
2009_003849.png 0.428627 4 0.842899 0.000000 0.000000 0.871610
2008_003034.png 0.597779 3 0.768249 0.447887 0.577202
2009_004994.png 0.581004 3 0.887390 0.373423 0.482199
2010_005180.png 0.465641 3 0.922233 0.474691 0.000000
2008_006341.png 0.712403 3 0.915026 0.485435 0.736747
2007_000529.png 0.244479 3 0.733438 0.000000 0.000000
2008_000107.png 0.446120 2 0.892240 0.000000
2011_002951.png 0.451584 2 0.903168 0.000000
2009_003928.png 0.476359 2 0.952717 0.000000
2009_000931.png 0.488336 2 0.974900 0.001772
2007_009911.png 0.669540 2 0.939080 0.400000
2008_002835.png 0.592119 3 0.942351 0.667236 0.166769
2009_000839.png 0.351253 2 0.702506 0.000000
2007_005844.png 0.332211 3 0.707894 0.288739 0.000000
2009_002562.png 0.775455 2 0.768465 0.782445
2007_006076.png 0.481560 3 0.853324 0.000000 0.591355
2009_001816.png 0.906322 2 0.955156 0.857487
2009_001108.png 0.494317 2 0.988635 0.000000
2010_005719.png 0.372746 2 0.745492 0.000000
2008_005544.png 0.389481 2 0.778961 0.000000
2007_002719.png 0.371591 3 0.775711 0.339063 0.000000
2010_000083.png 0.383244 4 0.938165 0.076000 0.000000 0.518810
2010_003183.png 0.778842 2 0.970980 0.586703
2007_007996.png 0.192281 5 0.567747 0.000000 0.393657 0.000000 0.000000
2009_002535.png 0.939876 2 0.982044 0.897708
2007_005058.png 0.472031 2 0.944063 0.000000
2010_003758.png 0.957110 2 0.981626 0.932595
2008_007507.png 0.792087 2 0.993476 0.590698
2011_000548.png 0.350323 3 0.819477 0.000000 0.231493
2011_000283.png 0.593984 2 0.717742 0.470225
2009_001941.png 0.794368 2 0.831953 0.756783
2010_004783.png 0.286030 3 0.858089 0.000000 0.000000
2008_001478.png 0.535376 2 0.766245 0.304506
2011_003146.png 0.827135 2 0.859644 0.794625
2007_004241.png 0.924102 2 0.946429 0.901776
2007_002903.png 0.911578 2 0.913372 0.909784
2011_001642.png 0.393534 2 0.767245 0.019824
2008_003451.png 0.556300 3 0.908018 0.370398 0.390486
2008_007219.png 0.522982 3 0.694550 0.000000 0.874397
2007_005107.png 0.422702 3 0.949505 0.318600 0.000000
2007_006364.png 0.661511 3 0.912905 0.691099 0.380528
2009_005189.png 0.833777 2 0.974215 0.693340
2011_000809.png 0.408917 4 0.837364 0.000000 0.000000 0.798304
2009_002097.png 0.779030 2 0.979073 0.578988
2008_000223.png 0.647428 2 0.804034 0.490822
2009_002239.png 0.399280 4 0.820298 0.000000 0.776824 0.000000
2009_001684.png 0.427818 2 0.855637 0.000000
2008_002492.png 0.497566 2 0.995132 0.000000
2011_001868.png 0.467265 2 0.874810 0.059721
2008_005676.png 0.484541 2 0.945262 0.023819
2011_003055.png 0.788474 2 0.830355 0.746593
2011_002327.png 0.564504 3 0.898805 0.794706 0.000000
2011_001276.png 0.156657 5 0.347534 0.000000 0.000000 0.000000 0.435752
2007_004392.png 0.425763 4 0.865501 0.000000 0.837552 0.000000
2010_005992.png 0.434100 2 0.868200 0.000000
2011_000807.png 0.765063 2 0.993258 0.536869
2008_000573.png 0.789905 3 0.751975 0.839366 0.778375
2010_003060.png 0.188374 2 0.376748 0.000000
2008_000233.png 0.807214 2 0.914017 0.700411
2010_000163.png 0.892849 2 0.930785 0.854913
2009_002549.png 0.859040 2 0.956988 0.761091
2008_005904.png 0.650682 2 0.788542 0.512822
2011_000969.png 0.585677 2 0.889992 0.281362
2011_002535.png 0.959239 2 0.990951 0.927527
2010_003915.png 0.826451 2 0.980282 0.672619
2008_003003.png 0.614655 3 0.976241 0.000000 0.867725
2011_002371.png 0.601966 2 0.968966 0.234967
2009_000446.png 0.859253 2 0.977328 0.741178
2007_003499.png 0.934214 2 0.937290 0.931138
2008_003492.png 0.513523 2 0.850060 0.176986
2009_000149.png 0.353236 3 0.860215 0.199493 0.000000
2009_003273.png 0.437905 2 0.875810 0.000000
2008_005691.png 0.620105 2 0.969102 0.271108
2007_004052.png 0.899436 2 0.970892 0.827980
2008_002521.png 0.472641 2 0.945282 0.000000
